0322,550,815
0866,550,847
0615,550,823
0828,550,843
0605,550,835
0584,550,831
0307,550,864
0987,550,813
0466,550,838
0993,550,813
0047,550,851
0705,550,825
0862,550,812
0172,550,838
0727,550,834
0505,550,847
0502,550,834
0402,550,821
0280,550,827
0979,550,837
0743,550,825
0122,550,819
1003,550,831
0906,550,829
0475,550,831
0359,550,837
0126,550,833
0747,550,837
0059,550,841
0337,550,830
0912,550,839
0935,550,825
0886,550,824
0998,550,840
0127,550,831
0424,550,825
0077,550,825
0530,550,825
0164,550,825
0550,550,815
0106,550,830
0679,550,831
0137,550,871
0371,550,825
0986,550,825
0871,550,825
0425,550,825
0165,550,832
0511,550,820
0961,550,820
0989,550,825
0635,550,825
0782,550,825
0624,550,837
0019,550,827
0664,550,854
0883,550,839
0763,550,829
0261,550,825
0177,550,811
0345,550,805
0121,550,827
0107,550,838
0458,550,856
0966,550,821
0418,550,829
0190,550,831
0178,550,825
0821,550,829
0297,550,833
0903,550,823
0792,550,827
0372,550,824
0495,550,829
0516,550,809
0841,550,835
0098,550,843
0834,550,825
0720,550,824
0933,550,846
0623,550,831
0139,550,836
0673,550,831
0030,550,830
0793,550,834
0155,550,821
0273,550,829
0621,550,832
0413,550,823
0097,550,825
0592,550,816
0953,550,823
0206,550,814
0802,550,829
0243,550,837
0438,550,839
0799,550,819
0921,550,839
0857,550,825
0514,550,847
0216,550,827
0391,550,824
0797,550,824
0308,550,826
0824,550,836
0442,550,829
0845,550,825
0527,550,823
0117,550,827
0695,550,829
0510,550,825
0088,550,831
0143,550,845
1000,550,826
0642,550,807
0270,550,839
0723,550,825
0062,550,836
0804,550,834
0725,550,819
0011,550,830
0226,550,810
0461,550,854
0148,550,844
0712,550,835
0254,550,835
0076,550,814
0808,550,825
0837,550,843
0367,550,834
0417,550,834
0294,550,845
0125,550,826
0651,550,839
0245,550,819
0406,550,831
0260,550,840
0109,550,810
0796,550,832
0022,550,856
0920,550,852
0422,550,819
0300,550,830
0827,550,834
0938,550,845
0278,550,825
0657,550,844
0877,550,825
0704,550,816
0414,550,812
0976,550,864
0332,550,827
0836,550,823
0069,550,860
0701,550,836
0769,550,820
0310,550,822
0478,550,827
0639,550,818
0362,550,816
0434,550,817
0420,550,824
0638,550,832
0680,550,820
0386,550,837
0101,550,836
0526,550,825
0041,550,820
0032,550,871
0383,550,843
0832,550,848
0057,550,820
0915,550,823
0649,550,825
0249,550,831
0831,550,825
0541,550,831
0807,550,825
0398,550,836
0411,550,820
0074,550,837
0031,550,825
0451,550,838
0271,550,819
0312,550,832
0295,550,839
0911,550,839
0847,550,812
0242,550,822
0744,550,820
0536,550,825
0722,550,824
0706,550,830
0703,550,831
0606,550,842
0848,550,835
0567,550,820
0819,550,841
0900,550,824
0340,550,856
0448,550,834
0330,550,853
0565,550,832
0449,550,827
0985,550,818
0353,550,820
0948,550,844
0174,550,817
0667,550,842
0492,550,825
0342,550,833
0133,550,823
0967,550,824
0082,550,838
0033,550,834
0785,550,825
0341,550,824
0519,550,820
0457,550,823
0663,550,817
0103,550,814
0015,550,813
0285,550,825
0072,550,825
0416,550,839
0586,550,854
0274,550,835
0750,550,819
0840,550,825
0622,550,839
0801,550,822
1002,550,840
0223,550,844
0435,550,826
0909,550,825
0370,550,830
0209,550,825
0544,550,818
0559,550,836
0849,550,820
0919,550,825
0198,550,821
0158,550,827
0798,550,816
0674,550,833
0737,550,821
0053,550,864
0149,550,809
0872,550,810
0385,550,825
0251,550,833
0390,550,836
0910,550,842
0707,550,831
0381,550,837
0939,550,827
0204,550,817
0842,550,832
0826,550,832
0380,550,831
0201,550,831
0760,550,823
0325,550,831
0629,550,814
0888,550,835
0724,550,821
0348,550,821
0067,550,834
0913,550,836
0686,550,827
0583,550,825
0091,550,823
0655,550,837
0996,550,828
0784,550,831
0625,550,840
0267,550,834
0276,550,827
0426,550,830
0083,550,825
0670,550,828
0601,550,827
0940,550,842
0309,550,820
0470,550,856
0991,550,825
0286,550,834
0805,550,834
0960,550,833
0428,550,819
0258,550,829
0014,550,843
0500,550,825
0303,550,831
0972,550,839
0617,550,819
0628,550,827
0549,550,806
0675,550,811
0882,550,824
0235,550,817
0956,550,843
0374,550,832
0524,550,824
0735,550,817
0890,550,825
0176,550,825
0683,550,835
0361,550,837
0554,550,836
0481,550,827
0512,550,831
0517,550,825
0051,550,825
0958,550,831
0124,550,817
0188,550,827
0471,550,817
0904,550,854
0321,550,820
0543,550,823
0324,550,838
0833,550,825
0214,550,812
0134,550,814
0365,550,826
0429,550,818
0228,550,830
0063,550,825
0229,550,816
0515,550,847
0994,550,823
0232,550,823
0272,550,827
0378,550,831
0641,550,853
0036,550,827
0825,550,817
0582,550,813
0572,550,818
0377,550,844
0881,550,845
0195,550,825
0633,550,832
0221,550,814
0835,550,827
0135,550,825
0954,550,830
0284,550,848
0820,550,848
0010,550,825
0147,550,853
0765,550,825
0050,550,852
0113,550,830
0288,550,822
0453,550,827
0647,550,819
0246,550,825
0013,550,832
0999,550,828
0945,550,833
0640,550,806
0878,550,825
0024,550,821
0256,550,837
0443,550,834
0733,550,835
0020,550,831
0749,550,817
0333,550,809
0169,550,825
0618,550,814
0210,550,825
0354,550,831
0073,550,844
0589,550,839
0179,550,833
0552,550,818
0738,550,824
0419,550,831
0156,550,814
0092,550,827
0964,550,825
0865,550,848
0899,550,837
0025,550,825
0141,550,816
0547,550,823
0936,550,824
0766,550,834
0090,550,823
0131,550,823
0892,550,831
0123,550,832
0775,550,849
0726,550,844
0580,550,823
0852,550,822
0564,550,856
0971,550,826
0728,550,818
0981,550,819
0713,550,812
0029,550,826
0323,550,827
0454,550,839
0551,550,833
0373,550,831
0016,550,824
0581,550,825
0562,550,825
0046,550,823
0460,550,838
0608,550,831
0591,550,830
0557,550,829
0668,550,816
0975,550,837
0503,550,814
0441,550,827
0005,550,842
0173,550,825
0336,550,813
0521,550,824
0577,550,825
0338,550,831
0485,550,829
0237,550,829
0689,550,837
0304,550,825
0731,550,809
0494,550,806
0087,550,811
0034,550,827
0699,550,823
0483,550,811
0730,550,836
0075,550,820
0002,550,830
0789,550,832
0676,550,820
0754,550,818
0578,550,816
0896,550,825
0462,550,837
0779,550,825
0650,550,821
0901,550,822
0352,550,818
0048,550,836
0358,550,816
0612,550,829
0366,550,831
0334,550,828
0855,550,827
0969,550,833
0066,550,816
0486,550,822
0529,550,831
0099,550,821
0535,550,832
0388,550,834
0200,550,840
0914,550,831
0597,550,817
0599,550,820
0531,550,821
0759,550,825
0710,550,827
0685,550,824
0395,550,844
0202,550,819
0392,550,825
0112,550,831
0774,550,812
0027,550,829
0393,550,864
0525,550,821
0752,550,825
0587,550,825
0729,550,807
0924,550,823
0279,550,849
0742,550,842
0614,550,813
0611,550,827
0746,550,825
0684,550,821
0682,550,826
0058,550,834
1001,550,827
0446,550,818
0421,550,820
0809,550,830
0018,550,842
0952,550,873
0145,550,840
0963,550,833
0631,550,836
0146,550,831
0523,550,807
0772,550,848
0432,550,830
0219,550,833
0263,550,834
0715,550,817
0474,550,824
0331,550,827
0677,550,814
0184,550,825
0104,550,810
0795,550,825
0593,550,843
0711,550,842
0163,550,826
0043,550,831
0937,550,825
0988,550,827
0302,550,816
0111,550,835
0472,550,831
0182,550,831
0506,550,837
0368,550,814
0905,550,831
0320,550,827
0764,550,822
0661,550,825
0995,550,827
0093,550,837
0211,550,825
0897,550,827
0489,550,819
0319,550,827
0671,550,821
0571,550,816
0943,550,832
0955,550,827
0299,550,825
0509,550,809
0410,550,839
0814,550,834
0080,550,827
0811,550,826
0118,550,826
0665,550,825
0714,550,825
0678,550,821
0947,550,806
0039,550,811
0100,550,831
0656,550,823
0004,550,810
0187,550,867
0813,550,828
0128,550,822
0771,550,819
0619,550,834
0009,550,817
0329,550,827
0585,550,823
0864,550,820
0626,550,838
0653,550,823
0949,550,837
0003,550,831
0645,550,821
0493,550,822
0610,550,832
0463,550,837
0756,550,823
0275,550,829
0095,550,824
0790,550,801
0688,550,845
0409,550,823
0751,550,832
0445,550,822
0662,550,821
0788,550,838
0205,550,837
0977,550,828
0218,550,841
0532,550,829
0012,550,821
0400,550,825
0968,550,837
0566,550,825
0576,550,842
0175,550,845
0786,550,839
0222,550,840
0477,550,813
0086,550,820
0858,550,826
0327,550,835
0115,550,836
0757,550,825
0687,550,816
0553,550,832
0487,550,838
0379,550,827
0736,550,847
0023,550,838
0363,550,826
0607,550,820
0839,550,850
0283,550,823
0157,550,843
0540,550,827
0328,550,835
0946,550,836
0364,550,825
0301,550,836
0719,550,825
0794,550,828
0829,550,820
0894,550,861
0721,550,835
0247,550,825
0037,550,819
0693,550,831
0346,550,836
0290,550,825
0504,550,820
0161,550,831
0277,550,819
0830,550,825
0196,550,827
0861,550,832
0236,550,812
0522,550,821
0983,550,827
0423,550,825
0741,550,838
0079,550,830
0613,550,833
0266,550,825
0887,550,854
0739,550,845
0191,550,819
0691,550,834
0598,550,825
0397,550,818
0902,550,814
0207,550,838
0244,550,825
0898,550,864
0055,550,806
0150,550,814
0488,550,822
0335,550,848
0891,550,831
0812,550,827
0316,550,824
0957,550,819
0700,550,819
0859,550,828
0399,550,821
0021,550,826
0573,550,823
0264,550,828
0533,550,839
0783,550,817
0574,550,831
0052,550,821
0464,550,820
0181,550,822
0185,550,826
0863,550,829
0876,550,827
0538,550,843
0078,550,838
0224,550,859
0035,550,829
0375,550,824
0412,550,820
0588,550,817
0183,550,828
0602,550,827
0208,550,850
0007,550,826
0753,550,827
0357,550,838
0818,550,821
0130,550,827
0860,550,825
0603,550,833
0816,550,803
0923,550,828
0761,550,864
0081,550,825
0620,550,807
0239,550,829
0698,550,814
0360,550,825
0403,550,827
0916,550,821
0644,550,812
0415,550,823
0791,550,812
0927,550,839
0959,550,845
0404,550,839
0194,550,825
0980,550,812
0895,550,827
0350,550,825
0637,550,840
0537,550,829
0306,550,825
0498,550,821
0780,550,829
0189,550,832
0215,550,836
0717,550,820
0926,550,822
0343,550,826
0136,550,848
0231,550,817
0889,550,828
0116,550,842
0496,550,825
0702,550,820
0997,550,816
0369,550,817
0119,550,831
0396,550,830
0928,550,819
0313,550,817
0869,550,820
0762,550,819
0230,550,838
0259,550,810
0241,550,835
0186,550,831
0452,550,830
0291,550,818
0170,550,823
0575,550,816
0846,550,832
0120,550,838
0925,550,820
0669,550,827
0870,550,846
0596,550,810
0480,550,809
0060,550,815
0508,550,838
0634,550,838
0934,550,854
0716,550,838
0394,550,820
0561,550,813
0850,550,825
0709,550,823
0479,550,831
0140,550,809
0349,550,804
0569,550,828
0142,550,834
0990,550,849
0326,550,843
0387,550,833
0697,550,818
0064,550,851
0114,550,823
0660,550,850
0595,550,836
0038,550,821
0469,550,808
0922,550,825
0465,550,820
0646,550,826
0490,550,824
0296,550,813
0630,550,820
0570,550,829
0681,550,832
0491,550,826
0518,550,839
0456,550,833
0071,550,825
0070,550,830
0220,550,823
0973,550,810
0867,550,821
0144,550,831
0356,550,826
0250,550,828
0168,550,834
0734,550,816
0001,550,832
0096,550,821
0287,550,816
0382,550,827
0289,550,848
0917,550,823
0907,550,849
0708,550,818
0482,550,832
0817,550,844
0006,550,828
0609,550,839
0893,550,819
0918,550,811
0542,550,836
0767,550,838
0984,550,838
0745,550,820
0257,550,835
0233,550,817
0193,550,845
0563,550,821
0666,550,831
0476,550,823
0853,550,817
0758,550,834
0427,550,825
0643,550,828
0240,550,826
0311,550,820
0652,550,836
0431,550,812
0539,550,834
0351,550,837
0061,550,826
0787,550,818
0930,550,831
0197,550,839
0484,550,842
0467,550,834
0528,550,810
0880,550,820
0843,550,825
0873,550,823
0520,550,831
0455,550,839
0056,550,820
0407,550,829
0042,550,831
0534,550,829
0089,550,828
0929,550,830
0153,550,837
0138,550,825
0627,550,829
0028,550,811
0560,550,820
0648,550,821
0556,550,826
0770,550,830
0339,550,829
0594,550,834
0545,550,827
0040,550,825
0262,550,827
0776,550,825
0162,550,818
0632,550,833
0568,550,825
0884,550,820
0199,550,811
0265,550,844
0944,550,827
0604,550,825
0269,550,821
0546,550,825
0389,550,811
0459,550,825
0513,550,832
0293,550,820
0778,550,813
0468,550,823
0054,550,823
0962,550,820
0806,550,834
0982,550,824
0868,550,829
0317,550,836
0800,550,838
0499,550,822
0408,550,825
0129,550,823
0292,550,816
0344,550,814
0879,550,820
0102,550,821
0203,550,854
0065,550,837
0248,550,820
0439,550,845
0658,550,831
0950,550,845
0252,550,839
0497,550,829
0755,550,827
0636,550,842
0171,550,830
0213,550,837
0974,550,819
0970,550,830
0803,550,821
0692,550,823
0875,550,826
0781,550,827
0045,550,820
0430,550,816
0268,550,839
0347,550,848
0437,550,819
0748,550,825
0672,550,825
0732,550,836
0255,550,845
0590,550,848
0473,550,831
0450,550,823
0823,550,830
0659,550,828
0690,550,816
0132,550,831
0654,550,820
0044,550,822
0152,550,839
0166,550,810
0548,550,829
0777,550,823
0942,550,830
0318,550,817
0885,550,813
0167,550,823
0017,550,830
0436,550,829
0376,550,827
1004,550,850
0444,550,835
0094,550,821
0600,550,820
0049,550,853
0314,550,857
0315,550,833
0507,550,825
0696,550,818
0298,550,832
0908,550,825
0084,550,835
0718,550,827
0234,550,831
0105,550,823
0154,550,825
0447,550,837
0192,550,832
0225,550,833
0282,550,841
0951,550,823
0085,550,839
0851,550,827
0854,550,825
0874,550,830
0026,550,807
0108,550,833
0238,550,831
0405,550,833
0768,550,825
0932,550,810
0965,550,820
0931,550,845
0355,550,829
0159,550,816
0856,550,825
0217,550,819
0815,550,823
0227,550,843
0838,550,834
0068,550,820
0558,550,827
0384,550,839
0992,550,807
0212,550,806
0773,550,842
0433,550,831
0440,550,834
0253,550,813
0151,550,872
0941,550,828
0305,550,836
0844,550,831
0180,550,829
0822,550,811
0616,550,866
0160,550,828
0555,550,825
0694,550,842
0110,550,836
0978,550,827
0281,550,831
0579,550,827
0740,550,840
0401,550,823
0501,550,832
0810,550,813
0008,550,832
